2028638017
5618050571
6109608876
1413069346
7550071393
546509044
379085103
694163496
7052224177
7925684749
8456636059
6926429109
6710296187
8460633632
1256946354
2065163915
1616522441
5147477440
5540588727
811209240
1740908582
7581267669
70993457
6638393449
1360212636
8532272404
987336163
8428232450
8814329392
458762097
6922477338
5031175380
5438717551
5003656061
6469134787
5160592511
735541022
8710418727
5399352296
8793755236
7139069011
545407155
6173970425
333121453
8067729620
5607772059
938531628
751903356
8805984332
385300064
7732094464
7085462516
7900356318
7570807743
710110236
1421765552
7269988577
1571366632
5776339812
8667590640
1268320154
8377110090
6978825975
7022476113
8435869299
5362179296
8476624134
678216054
1736010038
8161956347
1148220784
643175535
832759024
8431790234
8162171646
2130959487
6984714264
5545082971
1682967847
807437964
7717595565
771951086
1569059021
8266473405
6243590630
784060981
7876768627
1740458990
7197068327
1468005394
6870912695
8685265251
1091938256
7404492789
1018634767
6697615041
8294091564
8452499635
7372096403
1423461877
8167954491
1104026443
6239963812
5380431275
585476920
6377670281
7360540790
6896269095
5905956336
8142112806
7311585188
1422579243
6383019506
1833467886
8569862133
6333211096
8827380623
6242937243
6948855036
